46   6960
47   2688
48   1783
49   1337
50   1002
51   824
52   762
53   615
54   545
55   455
56   379
57   336
58   280
59   236
60   218
61   199
62   186
63   179
64   173
65   148
66   133
67   125
68   108
69   101
70   85
71   81
72   78
73   72
74   69
75   66
76   56
77   55
78   47
79   44
80   42
81   42
82   39
83   37
84   34
85   30
86   29
87   28
88   28
89   28
90   27
91   26
92   25
93   25
94   25
95   25
96   23
97   21
98   20
99   19
100   17
101   17
102   17
103   16
104   15
105   15
106   14
107   14
108   14
109   14
110   14
111   12
112   12
113   12
114   10
115   10
116   10
117   10
118   10
119   9
120   9
121   9
122   9
123   9
124   8
125   8
126   8
127   8
128   7
129   7
130   5
131   5
132   5
133   5
134   5
135   4
136   4
137   4
138   4
139   4
140   4
141   4
142   4
143   4
144   4
145   4
146   4
147   3
148   3
149   3
150   3
151   3
152   3
153   3
154   2
155   2
156   2
157   2
158   2
159   2
160   2
161   2
162   2
163   2
164   2
165   2
166   2
167   2
168   2
169   2
170   2
171   2
172   2
173   2
174   2
175   2
176   2
177   2
178   2
179   2
180   2
181   2
182   2
183   2
184   2
185   2
186   2
187   2
188   2
189   2
190   2
191   2
192   2
193   2
194   2
195   2
196   2
197   2
198   2
199   2
200   2
201   1
202   1
203   1
204   1
205   1
206   1
207   1
208   1
209   1
210   1
211   1
212   1
213   1
214   1
215   1
216   1
217   1
218   1
219   1
220   1
221   1
222   1
223   1
224   1
225   1
226   1
227   1
228   1
229   1
230   1
231   1
232   1
233   1
234   1
235   1
236   1
237   1
238   1
239   1
240   1
241   1
242   1
243   1
244   1
245   1
246   1
247   1
248   1
249   1
250   1
251   1
252   1
253   1
254   1
255   1
